
     15931 3

     008531 008531 009261 011013 015006 001750 008531 014794
     001750 008531 011013 014794 001750 008531 011069 011013
     000906 000906 007079 008531 008237 011013 000906 008531
     000276 006021 015783 008531 010364 004075 008531 013860
     006021 013160 001750 008531 010364 015006 008237 013483
     010364 011470 005197 012370 008531 008531 008531 013824
     011013 000906 005197 008531 008458 000906 006021 015006
     008237 013160 008531 011526 014794 006132 000906 013860
     008531 006021 005197 013860 008531 013860 014794 000906
     013860 008531 006021 001750 008531 004075 011526 010364
     013483 000906 011470 001750 008531 013860 010364 008531
     005197 010364 013483 012370 008531 008531 008531 000027
     000906 004075 010364 011470 000906 008531 008237 011013
     000906 001750 000906 008531 008458 006021 001750 008237
     006021 011470 013860 008531 001750 014794 007442 005197
     001750 008531 010364 004075 008531 004075 006021 014794
     011470 008531 013483 000906 011470 000906 008531 008458
     010364 011470 005197 012370 008531 008531 008531 004096
     011470 008531 013860 015006 011470 001750 008237 008531
     014794 005197 011013 006021 008458 014794 008237 008531
     010364 005197 008531 006021 008531 011526 014794 006132
     014794 005197 007442 008531 008458 011470 010364 013483
     004814 008531 008531 008531 000027 000906 004075 010364
     011470 000906 008531 008237 011013 000906 008531 007442
     010364 011526 013860 000906 005197 008531 008237 011470
     000906 001750 001750 000906 001750 008531 010364 004075
     008531 008237 011013 000906 008531 013860 000906 006021
     013860 012370 008531 008531 008531 009261 011013 000906
     008531 011470 014794 007442 011013 008237 008531 010364
     004075 008531 001750 000906 015783 015006 011526 011069
     011013 011470 000906 001750 012370 008531 013483 000906
     011470 000906 008531 001750 011013 010364 011470 005197
     008531 006021 013483 006021 013160 012370 008531 008531
     008531 009261 010364 008531 011526 014794 006132 000906
     008531 006021 008531 001750 000906 011069 010364 005197
     013860 008531 011526 014794 004075 000906 008531 010364
     005197 008531 001750 000906 011069 010364 005197 013860
     008531 011013 000906 006021 013860 004814 008531 008531
     008531 000216 011470 000906 008531 008458 000906 006021
     015006 008237 013160 014000 001750 008531 013860 000906
     006021 013860 008531 004075 011526 000906 000906 011069
     000906 008531 000276 006021 013860 000906 008531 006021
     005197 010364 008237 011013 000906 011470 008531 007442
     006021 013160 014202 008531 008531 008531 001000 005197
     008531 011013 014794 000276 008531 008237 011013 010364
     001750 000906 008531 011013 010364 011526 013160 008531
     006021 005197 008237 014794 005529 015006 000906 008531
     011013 010364 015006 011470 001750 008531 006021 011470
     000906 008531 001750 000906 000906 005197 012370 008531
     008531 008531 013824 014794 008237 011013 010364 015006
     008237 008531 006021 011526 011526 008531 010364 011470
     005197 006021 000276 000906 005197 008237 012370 008531
     014794 008237 001750 000906 011526 004075 008531 006021
     005197 013860 008531 008237 011470 015006 000906 012370
     008531 008531 008531 002744 006021 007079 014794 005197
     007442 008531 005197 010364 008531 001750 015006 000276
     000276 000906 011470 008531 010364 004075 008531 006021
     005197 010364 008237 011013 000906 011470 014000 001750
     008531 007442 011470 000906 000906 005197 012370 008531
     008531 008531 006859 010364 008458 008458 014794 005197
     007442 008531 005197 010364 008531 010364 011526 013860
     008531 008237 010364 008531 013860 011470 000906 001750
     001750 008531 011013 014794 001750 008531 008458 000906
     006021 015006 008237 013160 008531 005197 000906 013483
     004814 008531 008531 008531 008531 008531 000008 005197
     013860 008531 011013 014794 000276 008531 006021 001750
     008531 004075 010364 011470 008531 006021 008531 000276
     006021 015783 008531 013860 010364 008237 011013 008531
     003375 006021 008237 015006 011470 000906 008531 001750
     008237 010364 011470 000906 012370 008531 008531 008531
     008531 008531 009261 010364 008531 001750 011013 010364
     013483 008531 004075 006021 011526 001750 000906 008531
     000008 011470 008237 008531 013483 011013 006021 008237
     008531 008458 000906 006021 015006 008237 013160 008531
     013483 006021 001750 008531 010364 004075 008531 013160
     010364 011470 000906 004005 008531 008531

